Condução de Calor
Coordenadas dos nós
506
1	5.09E+01	9.46E+01
2	5.68E+01	9.18E+01
3	6.34E+01	9.04E+01
4	7.00E+01	9.00E+01
5	7.66E+01	9.04E+01
6	8.32E+01	9.18E+01
7	8.91E+01	9.46E+01
8	5.93E+01	5.27E+00
9	5.36E+01	8.10E+00
10	4.69E+01	9.55E+00
11	4.01E+01	1.00E+01
12	3.34E+01	9.60E+00
13	2.69E+01	8.26E+00
14	2.09E+01	5.46E+00
15	4.75E+01	1.00E+02
16	4.83E+01	9.33E+01
17	5.49E+01	8.97E+01
18	6.24E+01	8.80E+01
19	7.00E+01	8.75E+01
20	7.76E+01	8.80E+01
21	8.51E+01	8.97E+01
22	9.17E+01	9.33E+01
23	4.59E+01	9.63E+01
24	5.14E+01	9.12E+01
25	5.86E+01	8.87E+01
26	6.62E+01	8.76E+01
27	7.38E+01	8.76E+01
28	8.14E+01	8.87E+01
29	8.86E+01	9.12E+01
30	9.37E+01	9.65E+01
31	8.66E+01	9.58E+01
32	8.13E+01	9.38E+01
33	7.57E+01	9.28E+01
34	7.00E+01	9.25E+01
35	6.43E+01	9.28E+01
36	5.87E+01	9.38E+01
37	5.34E+01	9.58E+01
38	5.12E+01	9.75E+01
39	5.60E+01	9.46E+01
40	6.15E+01	9.32E+01
41	6.72E+01	9.26E+01
42	7.28E+01	9.26E+01
43	7.85E+01	9.32E+01
44	8.40E+01	9.46E+01
45	8.88E+01	9.75E+01
46	9.25E+01	1.00E+02
47	1.75E+01	0.00E+00
48	2.34E+01	4.21E+00
49	2.87E+01	6.20E+00
50	3.43E+01	7.19E+00
51	4.00E+01	7.50E+00
52	4.57E+01	7.19E+00
53	5.13E+01	6.20E+00
54	5.66E+01	4.21E+00
55	5.88E+01	2.52E+00
56	5.40E+01	5.37E+00
57	4.85E+01	6.79E+00
58	4.28E+01	7.42E+00
59	3.72E+01	7.42E+00
60	3.15E+01	6.79E+00
61	2.60E+01	5.37E+00
62	2.12E+01	2.52E+00
63	6.21E+01	6.33E+00
64	5.60E+01	1.00E+01
65	4.82E+01	1.19E+01
66	4.02E+01	1.25E+01
67	3.26E+01	1.20E+01
68	2.51E+01	1.03E+01
69	1.83E+01	6.70E+00
70	6.42E+01	3.46E+00
71	5.92E+01	8.44E+00
72	5.22E+01	1.12E+01
73	4.42E+01	1.23E+01
74	3.64E+01	1.24E+01
75	2.88E+01	1.13E+01
76	2.15E+01	8.84E+00
77	1.63E+01	3.53E+00
78	6.25E+01	0.00E+00
79	4.50E+01	1.00E+02
80	5.00E+01	1.00E+02
81	9.50E+01	1.00E+02
82	9.00E+01	1.00E+02
83	1.50E+01	0.00E+00
84	2.00E+01	0.00E+00
85	6.00E+01	0.00E+00
86	6.50E+01	0.00E+00
87	8.75E+01	8.08E+01
88	8.67E+00	8.51E+01
89	1.73E+01	8.51E+01
90	2.60E+01	8.51E+01
91	3.39E+01	8.51E+01
92	4.18E+01	8.51E+01
93	4.68E+01	8.18E+01
94	5.36E+01	7.99E+01
95	6.07E+01	7.91E+01
96	6.79E+01	7.88E+01
97	7.51E+01	7.91E+01
98	8.23E+01	7.99E+01
99	9.41E+01	8.51E+01
100	1.01E+02	8.51E+01
101	8.50E+00	7.76E+01
102	1.70E+01	7.76E+01
103	2.55E+01	7.76E+01
104	3.29E+01	7.76E+01
105	4.02E+01	7.76E+01
106	4.61E+01	7.59E+01
107	5.29E+01	7.50E+01
108	5.99E+01	7.45E+01
109	6.69E+01	7.44E+01
110	7.39E+01	7.45E+01
111	8.08E+01	7.50E+01
112	8.76E+01	7.59E+01
113	9.36E+01	7.76E+01
114	1.01E+02	7.76E+01
115	8.59E+00	8.13E+01
116	1.28E+01	7.76E+01
117	1.72E+01	8.13E+01
118	1.30E+01	8.51E+01
119	2.13E+01	7.76E+01
120	2.58E+01	8.13E+01
121	2.17E+01	8.51E+01
122	2.92E+01	7.76E+01
123	3.34E+01	8.13E+01
124	3.00E+01	8.51E+01
125	3.65E+01	7.76E+01
126	4.10E+01	8.13E+01
127	3.79E+01	8.51E+01
128	4.32E+01	7.67E+01
129	4.65E+01	7.88E+01
130	4.43E+01	8.34E+01
131	4.95E+01	7.54E+01
132	5.32E+01	7.74E+01
133	5.02E+01	8.08E+01
134	5.64E+01	7.48E+01
135	6.03E+01	7.68E+01
136	5.71E+01	7.95E+01
137	6.34E+01	7.45E+01
138	6.74E+01	7.66E+01
139	6.43E+01	7.89E+01
140	7.04E+01	7.45E+01
141	7.45E+01	7.68E+01
142	7.15E+01	7.89E+01
143	7.73E+01	7.48E+01
144	8.15E+01	7.74E+01
145	7.87E+01	7.95E+01
146	8.42E+01	7.54E+01
147	8.76E+01	7.83E+01
148	8.49E+01	8.03E+01
149	9.06E+01	7.67E+01
150	9.38E+01	8.13E+01
151	9.08E+01	8.29E+01
152	9.71E+01	7.76E+01
153	1.01E+02	8.13E+01
154	9.77E+01	8.51E+01
155	4.33E+00	8.51E+01
156	8.83E+00	9.26E+01
157	4.25E+00	7.76E+01
158	8.42E+00	7.38E+01
159	1.68E+01	7.38E+01
160	2.53E+01	7.38E+01
161	3.23E+01	7.38E+01
162	3.94E+01	7.38E+01
163	4.58E+01	7.29E+01
164	5.25E+01	7.25E+01
165	5.94E+01	7.23E+01
166	6.63E+01	7.22E+01
167	7.32E+01	7.23E+01
168	8.01E+01	7.25E+01
169	8.69E+01	7.29E+01
170	9.33E+01	7.38E+01
171	1.00E+02	7.38E+01
172	1.05E+02	7.76E+01
173	1.06E+02	8.51E+01
174	1.02E+02	9.26E+01
175	9.45E+01	9.26E+01
176	8.96E+01	8.70E+01
177	8.37E+01	8.48E+01
178	7.64E+01	8.35E+01
179	6.90E+01	8.32E+01
180	6.15E+01	8.35E+01
181	5.43E+01	8.48E+01
182	4.76E+01	8.75E+01
183	4.34E+01	9.26E+01
184	3.50E+01	9.26E+01
185	2.65E+01	9.26E+01
186	1.77E+01	9.26E+01
187	1.03E+02	6.88E+00
188	9.13E+01	6.88E+00
189	8.31E+01	6.88E+00
190	7.49E+01	6.88E+00
191	6.68E+01	6.88E+00
192	6.28E+01	1.18E+01
193	5.65E+01	1.46E+01
194	4.89E+01	1.61E+01
195	4.12E+01	1.65E+01
196	3.37E+01	1.61E+01
197	2.63E+01	1.48E+01
198	1.96E+01	1.20E+01
199	1.54E+01	6.88E+00
200	8.07E+00	6.88E+00
201	1.02E+02	1.84E+01
202	9.35E+01	1.84E+01
203	8.55E+01	1.84E+01
204	7.76E+01	1.84E+01
205	6.97E+01	1.84E+01
206	6.39E+01	2.09E+01
207	5.73E+01	2.23E+01
208	5.01E+01	2.30E+01
209	4.28E+01	2.33E+01
210	3.56E+01	2.31E+01
211	2.85E+01	2.24E+01
212	2.17E+01	2.10E+01
213	1.62E+01	1.84E+01
214	9.04E+00	1.84E+01
215	1.02E+02	1.27E+01
216	9.78E+01	1.84E+01
217	9.24E+01	1.27E+01
218	9.70E+01	6.88E+00
219	8.95E+01	1.84E+01
220	8.43E+01	1.27E+01
221	8.72E+01	6.88E+00
222	8.16E+01	1.84E+01
223	7.63E+01	1.27E+01
224	7.90E+01	6.88E+00
225	7.37E+01	1.84E+01
226	6.82E+01	1.27E+01
227	7.08E+01	6.88E+00
228	6.68E+01	1.97E+01
229	6.33E+01	1.63E+01
230	6.48E+01	9.32E+00
231	6.06E+01	2.16E+01
232	5.69E+01	1.84E+01
233	5.96E+01	1.32E+01
234	5.37E+01	2.27E+01
235	4.95E+01	1.95E+01
236	5.27E+01	1.53E+01
237	4.64E+01	2.31E+01
238	4.20E+01	1.99E+01
239	4.51E+01	1.63E+01
240	3.92E+01	2.32E+01
241	3.46E+01	1.96E+01
242	3.74E+01	1.63E+01
243	3.20E+01	2.27E+01
244	2.74E+01	1.86E+01
245	3.00E+01	1.55E+01
246	2.51E+01	2.17E+01
247	2.06E+01	1.65E+01
248	2.29E+01	1.34E+01
249	1.89E+01	1.97E+01
250	1.58E+01	1.27E+01
251	1.75E+01	9.46E+00
252	1.26E+01	1.84E+01
253	8.55E+00	1.27E+01
254	1.18E+01	6.88E+00
255	1.06E+02	6.88E+00
256	1.01E+02	3.44E+00
257	1.06E+02	1.84E+01
258	1.03E+02	2.42E+01
259	9.46E+01	2.42E+01
260	8.68E+01	2.42E+01
261	7.90E+01	2.42E+01
262	7.12E+01	2.42E+01
263	6.44E+01	2.54E+01
264	5.77E+01	2.61E+01
265	5.07E+01	2.65E+01
266	4.36E+01	2.66E+01
267	3.65E+01	2.65E+01
268	2.96E+01	2.62E+01
269	2.27E+01	2.55E+01
270	1.65E+01	2.42E+01
271	9.52E+00	2.42E+01
272	4.52E+00	1.84E+01
273	4.04E+00	6.88E+00
274	7.79E+00	3.44E+00
275	1.52E+01	3.44E+00
276	1.89E+01	9.37E+00
277	2.57E+01	1.26E+01
278	3.31E+01	1.41E+01
279	4.07E+01	1.45E+01
280	4.86E+01	1.40E+01
281	5.62E+01	1.23E+01
282	6.24E+01	9.04E+00
283	6.59E+01	3.44E+00
284	7.41E+01	3.44E+00
285	8.24E+01	3.44E+00
286	9.06E+01	3.44E+00
287	0.00E+00	8.51E+01
288	0.00E+00	7.76E+01
289	0.00E+00	9.26E+01
290	0.00E+00	8.13E+01
291	0.00E+00	7.38E+01
292	3.60E+01	1.00E+02
293	2.70E+01	1.00E+02
294	1.80E+01	1.00E+02
295	9.00E+00	1.00E+02
296	4.50E+00	1.00E+02
297	4.05E+01	1.00E+02
298	3.15E+01	1.00E+02
299	2.25E+01	1.00E+02
300	1.35E+01	1.00E+02
301	1.00E+01	3.00E+01
302	1.69E+01	3.00E+01
303	2.38E+01	3.00E+01
304	3.06E+01	3.00E+01
305	3.75E+01	3.00E+01
306	4.44E+01	3.00E+01
307	5.13E+01	3.00E+01
308	5.81E+01	3.00E+01
309	6.50E+01	3.00E+01
310	7.27E+01	3.00E+01
311	8.03E+01	3.00E+01
312	8.80E+01	3.00E+01
313	9.56E+01	3.00E+01
314	1.03E+02	3.00E+01
315	1.07E+02	3.00E+01
316	9.95E+01	3.00E+01
317	9.18E+01	3.00E+01
318	8.42E+01	3.00E+01
319	7.65E+01	3.00E+01
320	6.88E+01	3.00E+01
321	6.16E+01	3.00E+01
322	5.47E+01	3.00E+01
323	4.78E+01	3.00E+01
324	4.09E+01	3.00E+01
325	3.41E+01	3.00E+01
326	2.72E+01	3.00E+01
327	2.03E+01	3.00E+01
328	1.34E+01	3.00E+01
329	5.00E+00	3.00E+01
330	8.33E+00	7.00E+01
331	1.67E+01	7.00E+01
332	2.50E+01	7.00E+01
333	3.18E+01	7.00E+01
334	3.86E+01	7.00E+01
335	4.54E+01	7.00E+01
336	5.22E+01	7.00E+01
337	5.90E+01	7.00E+01
338	6.58E+01	7.00E+01
339	7.26E+01	7.00E+01
340	7.94E+01	7.00E+01
341	8.62E+01	7.00E+01
342	9.31E+01	7.00E+01
343	1.00E+02	7.00E+01
344	4.17E+00	7.00E+01
345	1.25E+01	7.00E+01
346	2.08E+01	7.00E+01
347	2.84E+01	7.00E+01
348	3.52E+01	7.00E+01
349	4.20E+01	7.00E+01
350	4.88E+01	7.00E+01
351	5.56E+01	7.00E+01
352	6.24E+01	7.00E+01
353	6.92E+01	7.00E+01
354	7.60E+01	7.00E+01
355	8.28E+01	7.00E+01
356	8.97E+01	7.00E+01
357	9.66E+01	7.00E+01
358	1.05E+02	7.00E+01
359	1.03E+02	1.00E+02
360	1.06E+02	1.00E+02
361	9.88E+01	1.00E+02
362	1.10E+02	7.76E+01
363	1.10E+02	8.51E+01
364	1.10E+02	7.38E+01
365	1.10E+02	8.13E+01
366	1.10E+02	9.26E+01
367	0.00E+00	1.84E+01
368	0.00E+00	6.88E+00
369	0.00E+00	2.42E+01
370	0.00E+00	1.27E+01
371	0.00E+00	3.44E+00
372	7.50E+00	0.00E+00
373	3.75E+00	0.00E+00
374	1.13E+01	0.00E+00
375	7.33E+01	0.00E+00
376	8.17E+01	0.00E+00
377	9.00E+01	0.00E+00
378	1.00E+02	0.00E+00
379	1.05E+02	0.00E+00
380	6.92E+01	0.00E+00
381	7.75E+01	0.00E+00
382	8.58E+01	0.00E+00
383	9.50E+01	0.00E+00
384	1.10E+02	6.88E+00
385	1.10E+02	1.84E+01
386	1.10E+02	3.44E+00
387	1.10E+02	1.27E+01
388	1.10E+02	2.42E+01
389	0.00E+00	3.00E+01
390	0.00E+00	7.00E+01
391	0.00E+00	1.00E+02
392	1.10E+02	3.00E+01
393	1.10E+02	7.00E+01
394	1.10E+02	1.00E+02
395	0.00E+00	0.00E+00
396	1.10E+02	0.00E+00
397	1.01E+02	5.67E+01
398	1.02E+02	4.33E+01
399	9.39E+01	5.67E+01
400	9.48E+01	4.33E+01
401	8.68E+01	5.67E+01
402	8.74E+01	4.33E+01
403	7.97E+01	5.67E+01
404	8.00E+01	4.33E+01
405	7.26E+01	5.67E+01
406	7.26E+01	4.33E+01
407	6.55E+01	5.67E+01
408	6.53E+01	4.33E+01
409	5.87E+01	5.67E+01
410	5.84E+01	4.33E+01
411	5.19E+01	5.67E+01
412	5.16E+01	4.33E+01
413	4.51E+01	5.67E+01
414	4.47E+01	4.33E+01
415	3.82E+01	5.67E+01
416	3.79E+01	4.33E+01
417	3.14E+01	5.67E+01
418	3.10E+01	4.33E+01
419	2.46E+01	5.67E+01
420	2.42E+01	4.33E+01
421	1.67E+01	5.67E+01
422	1.68E+01	4.33E+01
423	8.89E+00	5.67E+01
424	9.44E+00	4.33E+01
425	9.75E+01	5.67E+01
426	9.44E+01	5.00E+01
427	9.85E+01	4.33E+01
428	1.02E+02	5.00E+01
429	9.04E+01	5.67E+01
430	8.71E+01	5.00E+01
431	9.11E+01	4.33E+01
432	8.33E+01	5.67E+01
433	7.99E+01	5.00E+01
434	8.37E+01	4.33E+01
435	7.62E+01	5.67E+01
436	7.26E+01	5.00E+01
437	7.63E+01	4.33E+01
438	6.91E+01	5.67E+01
439	6.54E+01	5.00E+01
440	6.90E+01	4.33E+01
441	6.21E+01	5.67E+01
442	5.86E+01	5.00E+01
443	6.18E+01	4.33E+01
444	5.53E+01	5.67E+01
445	5.17E+01	5.00E+01
446	5.50E+01	4.33E+01
447	4.85E+01	5.67E+01
448	4.49E+01	5.00E+01
449	4.81E+01	4.33E+01
450	4.16E+01	5.67E+01
451	3.81E+01	5.00E+01
452	4.13E+01	4.33E+01
453	3.48E+01	5.67E+01
454	3.12E+01	5.00E+01
455	3.44E+01	4.33E+01
456	2.80E+01	5.67E+01
457	2.44E+01	5.00E+01
458	2.76E+01	4.33E+01
459	2.07E+01	5.67E+01
460	1.68E+01	5.00E+01
461	2.05E+01	4.33E+01
462	1.28E+01	5.67E+01
463	9.17E+00	5.00E+01
464	1.31E+01	4.33E+01
465	1.01E+02	6.33E+01
466	1.06E+02	5.67E+01
467	9.35E+01	6.33E+01
468	8.65E+01	6.33E+01
469	7.96E+01	6.33E+01
470	7.26E+01	6.33E+01
471	6.57E+01	6.33E+01
472	5.89E+01	6.33E+01
473	5.20E+01	6.33E+01
474	4.52E+01	6.33E+01
475	3.84E+01	6.33E+01
476	3.16E+01	6.33E+01
477	2.48E+01	6.33E+01
478	1.67E+01	6.33E+01
479	8.61E+00	6.33E+01
480	4.44E+00	5.67E+01
481	4.72E+00	4.33E+01
482	9.72E+00	3.67E+01
483	1.68E+01	3.67E+01
484	2.40E+01	3.67E+01
485	3.08E+01	3.67E+01
486	3.77E+01	3.67E+01
487	4.45E+01	3.67E+01
488	5.14E+01	3.67E+01
489	5.83E+01	3.67E+01
490	6.51E+01	3.67E+01
491	7.27E+01	3.67E+01
492	8.02E+01	3.67E+01
493	8.77E+01	3.67E+01
494	9.52E+01	3.67E+01
495	1.03E+02	3.67E+01
496	1.06E+02	4.33E+01
497	0.00E+00	5.67E+01
498	0.00E+00	4.33E+01
499	0.00E+00	6.33E+01
500	0.00E+00	5.00E+01
501	0.00E+00	3.67E+01
502	1.10E+02	4.33E+01
503	1.10E+02	5.67E+01
504	1.10E+02	6.33E+01
505	1.10E+02	3.67E+01
506	1.10E+02	5.00E+01
Matriz de incidências/conectividades
151
1     1    8    79 16 37 80 23 1 38 15
2     1    8    16 17 36 37 24 2 39 1
3     1    8    17 18 35 36 25 3 40 2
4     1    8    18 19 34 35 26 4 41 3
5     1    8    19 20 33 34 27 5 42 4
6     1    8    20 21 32 33 28 6 43 5
7     1    8    21 22 31 32 29 7 44 6
8     1    8    22 81 82 31 30 46 45 7
9     1    8    86 63 54 85 70 8 55 78
10    1    8    63 64 53 54 71 9 56 8
11    1    8    64 65 52 53 72 10 57 9
12    1    8    65 66 51 52 73 11 58 10
13    1    8    66 67 50 51 74 12 59 11
14    1    8    67 68 49 50 75 13 60 12
15    1    8    68 69 48 49 76 14 61 13
16    1    8    69 83 84 48 77 47 62 14
17    1    8    88 101 102 89 115 116 117 118
18    1    8    89 102 103 90 117 119 120 121
19    1    8    90 103 104 91 120 122 123 124
20    1    8    91 104 105 92 123 125 126 127
21    1    8    92 105 106 93 126 128 129 130
22    1    8    93 106 107 94 129 131 132 133
23    1    8    94 107 108 95 132 134 135 136
24    1    8    95 108 109 96 135 137 138 139
25    1    8    96 109 110 97 138 140 141 142
26    1    8    97 110 111 98 141 143 144 145
27    1    8    98 111 112 87 144 146 147 148
28    1    8    87 112 113 99 147 149 150 151
29    1    8    99 113 114 100 150 152 153 154
30    1    8    391 287 88 295 289 155 156 296
31    1    8    287 288 101 88 290 157 115 155
32    1    8    288 390 330 101 291 344 158 157
33    1    8    101 330 331 102 158 345 159 116
34    1    8    102 331 332 103 159 346 160 119
35    1    8    103 332 333 104 160 347 161 122
36    1    8    104 333 334 105 161 348 162 125
37    1    8    105 334 335 106 162 349 163 128
38    1    8    106 335 336 107 163 350 164 131
39    1    8    107 336 337 108 164 351 165 134
40    1    8    108 337 338 109 165 352 166 137
41    1    8    109 338 339 110 166 353 167 140
42    1    8    110 339 340 111 167 354 168 143
43    1    8    111 340 341 112 168 355 169 146
44    1    8    112 341 342 113 169 356 170 149
45    1    8    113 342 343 114 170 357 171 152
46    1    8    114 343 393 362 171 358 364 172
47    1    8    100 114 362 363 153 172 365 173
48    1    8    359 100 363 394 174 173 366 360
49    1    8    81 99 100 359 175 154 174 361
50    1    8    22 87 99 81 176 151 175 30
51    1    8    21 98 87 22 177 148 176 29
52    1    8    20 97 98 21 178 145 177 28
53    1    8    19 96 97 20 179 142 178 27
54    1    8    18 95 96 19 180 139 179 26
55    1    8    17 94 95 18 181 136 180 25
56    1    8    16 93 94 17 182 133 181 24
57    1    8    79 92 93 16 183 130 182 23
58    1    8    292 91 92 79 184 127 183 297
59    1    8    293 90 91 292 185 124 184 298
60    1    8    294 89 90 293 186 121 185 299
61    1    8    295 88 89 294 156 118 186 300
62    1    8    187 201 202 188 215 216 217 218
63    1    8    188 202 203 189 217 219 220 221
64    1    8    189 203 204 190 220 222 223 224
65    1    8    190 204 205 191 223 225 226 227
66    1    8    191 205 206 192 226 228 229 230
67    1    8    192 206 207 193 229 231 232 233
68    1    8    193 207 208 194 232 234 235 236
69    1    8    194 208 209 195 235 237 238 239
70    1    8    195 209 210 196 238 240 241 242
71    1    8    196 210 211 197 241 243 244 245
72    1    8    197 211 212 198 244 246 247 248
73    1    8    198 212 213 199 247 249 250 251
74    1    8    199 213 214 200 250 252 253 254
75    1    8    396 384 187 378 386 255 256 379
76    1    8    384 385 201 187 387 257 215 255
77    1    8    385 392 314 201 388 315 258 257
78    1    8    201 314 313 202 258 316 259 216
79    1    8    202 313 312 203 259 317 260 219
80    1    8    203 312 311 204 260 318 261 222
81    1    8    204 311 310 205 261 319 262 225
82    1    8    205 310 309 206 262 320 263 228
83    1    8    206 309 308 207 263 321 264 231
84    1    8    207 308 307 208 264 322 265 234
85    1    8    208 307 306 209 265 323 266 237
86    1    8    209 306 305 210 266 324 267 240
87    1    8    210 305 304 211 267 325 268 243
88    1    8    211 304 303 212 268 326 269 246
89    1    8    212 303 302 213 269 327 270 249
90    1    8    213 302 301 214 270 328 271 252
91    1    8    214 301 389 367 271 329 369 272
92    1    8    200 214 367 368 253 272 370 273
93    1    8    372 200 368 395 274 273 371 373
94    1    8    83 199 200 372 275 254 274 374
95    1    8    69 198 199 83 276 251 275 77
96    1    8    68 197 198 69 277 248 276 76
97    1    8    67 196 197 68 278 245 277 75
98    1    8    66 195 196 67 279 242 278 74
99    1    8    65 194 195 66 280 239 279 73
100    1    8    64 193 194 65 281 236 280 72
101    1    8    63 192 193 64 282 233 281 71
102    1    8    86 191 192 63 283 230 282 70
103    1    8    375 190 191 86 284 227 283 380
104    1    8    376 189 190 375 285 224 284 381
105    1    8    377 188 189 376 286 221 285 382
106    1    8    378 187 188 377 256 218 286 383
107    2    8    397 399 400 398 425 426 427 428
108    2    8    399 401 402 400 429 430 431 426
109    2    8    401 403 404 402 432 433 434 430
110    2    8    403 405 406 404 435 436 437 433
111    2    8    405 407 408 406 438 439 440 436
112    2    8    407 409 410 408 441 442 443 439
113    2    8    409 411 412 410 444 445 446 442
114    2    8    411 413 414 412 447 448 449 445
115    2    8    413 415 416 414 450 451 452 448
116    2    8    415 417 418 416 453 454 455 451
117    2    8    417 419 420 418 456 457 458 454
118    2    8    419 421 422 420 459 460 461 457
119    2    8    421 423 424 422 462 463 464 460
120    2    8    393 343 397 503 358 465 466 504
121    2    8    343 342 399 397 357 467 425 465
122    2    8    342 341 401 399 356 468 429 467
123    2    8    341 340 403 401 355 469 432 468
124    2    8    340 339 405 403 354 470 435 469
125    2    8    339 338 407 405 353 471 438 470
126    2    8    338 337 409 407 352 472 441 471
127    2    8    337 336 411 409 351 473 444 472
128    2    8    336 335 413 411 350 474 447 473
129    2    8    335 334 415 413 349 475 450 474
130    2    8    334 333 417 415 348 476 453 475
131    2    8    333 332 419 417 347 477 456 476
132    2    8    332 331 421 419 346 478 459 477
133    2    8    331 330 423 421 345 479 462 478
134    2    8    330 390 497 423 344 499 480 479
135    2    8    423 497 498 424 480 500 481 463
136    2    8    424 498 389 301 481 501 329 482
137    2    8    422 424 301 302 464 482 328 483
138    2    8    420 422 302 303 461 483 327 484
139    2    8    418 420 303 304 458 484 326 485
140    2    8    416 418 304 305 455 485 325 486
141    2    8    414 416 305 306 452 486 324 487
142    2    8    412 414 306 307 449 487 323 488
143    2    8    410 412 307 308 446 488 322 489
144    2    8    408 410 308 309 443 489 321 490
145    2    8    406 408 309 310 440 490 320 491
146    2    8    404 406 310 311 437 491 319 492
147    2    8    402 404 311 312 434 492 318 493
148    2    8    400 402 312 313 431 493 317 494
149    2    8    398 400 313 314 427 494 316 495
150    2    8    502 398 314 392 496 495 315 505
151    2    8    503 397 398 502 466 428 496 506
Propriedades do Material
2
1 0.06
2 2.1
Fontes/Carregamentos distribuídos
0
Condição fronteira essencial
70
15	175
31	175
32	175
33	175
34	175
35	175
36	175
37	175
38	175
39	175
40	175
41	175
42	175
43	175
44	175
45	175
46	175
47	425
48	425
49	425
50	425
51	425
52	425
53	425
54	425
55	425
56	425
57	425
58	425
59	425
60	425
61	425
62	425
78	425
79	175
80	175
81	175
82	175
83	425
84	425
85	425
86	425
292	175
293	175
294	175
295	175
296	175
297	175
298	175
299	175
300	175
359	175
360	175
361	175
372	425
373	425
374	425
375	425
376	425
377	425
378	425
379	425
380	425
381	425
382	425
383	425
391	175
394	175
395	425
396	425
Fontes/Cargas pontuais
0
Fluxo imposto na fronteira
0
Convecção Natural
18
30 391 289 287 120 250
31 287 290 288 120 250
32 288 291 390 120 250
134 390 499 497 120 250
135 497 500 498 120 250
136 498 501 389 120 250
91 389 369 367 120 250
92 367 370 368 120 250
93 368 371 395 120 250
48 394 366 363 30 25
47 363 365 362 30 25
46 362 364 393 30 25
120 393 504 503 30 25
151 503 506 502 30 25
150 502 505 392 30 25
77 392 388 385 30 25
76 385 387 384 30 25
75 384 386 396 30 25
