Condução de Calor
Coordenadas dos nós
29
1	0	0
2	0.5	0
3	1	0
4	1.5	0
5	2	0
6	2.5	0
7	3	0
8	0	0.5
9	1	0.5
10	2	0.5
11	3	0.5
12	0	1
13	0.5	1
14	1	1
15	1.5	1
16	2	1
17	2.5	1
18	3	1
19	0	1.5
20	1	1.5
21	2	1.5
22	3	1.5
23	0	2
24	0.5	2
25	1	2
26	1.5	2
27	2	2
28	2.5	2
29	3	2
Matriz de conectividades
6	
1	1	8	1 2 3 9 14 13 12 8
2	1	8	3 4 5 10 16 15 14 9
3	1	8	5 6 7 11 18 17 16 10
4	1	8	12 13 14 20 25 24 23 19
5	1	8	14 15 16 21 27 26 25 20
6	1	8	16 17 18 22 29 28 27 21
Propriedades do Material
1
1 1
Carregamentos distribuídos
0
Condição de fronteira natural
11
7	0
11	0
18	0
22	0
29	0
23	25
24	24.148145657226706
25	21.650635094610969
26	17.677669529663689
27	12.500000000000000
28	6.470476127563018
Cargas pontuais
0
Fluxo imposto na fronteira
0
Convecção Natural
0